2024/02/22-18:36:22.803430 69ac RocksDB version: 7.9.2
2024/02/22-18:36:22.803565 69ac Compile date 2022-12-22 09:30:39
2024/02/22-18:36:22.803603 69ac DB SUMMARY
2024/02/22-18:36:22.803631 69ac DB Session ID:  7W00RITROU8YHDKNA34X
2024/02/22-18:36:22.810457 69ac CURRENT file:  CURRENT
2024/02/22-18:36:22.810530 69ac IDENTITY file:  IDENTITY
2024/02/22-18:36:22.810626 69ac MANIFEST file:  MANIFEST-000213 size: 183 Bytes
2024/02/22-18:36:22.810659 69ac SST files in D:\~Project\Cube\testing-halobps\cube-halobps\.cubestore\data\cachestore dir, Total Num: 1, files: 000011.sst 
2024/02/22-18:36:22.810689 69ac Write Ahead Log file in D:\~Project\Cube\testing-halobps\cube-halobps\.cubestore\data\cachestore: 000010.log size: 266 ; 000014.log size: 113124 ; 000020.log size: 214088 ; 000026.log size: 38520 ; 000032.log size: 5909 ; 000038.log size: 56152 ; 000044.log size: 61320 ; 000050.log size: 47906 ; 000056.log size: 513 ; 000062.log size: 133 ; 000068.log size: 285 ; 000074.log size: 54233 ; 000080.log size: 144082 ; 000086.log size: 50566 ; 000092.log size: 21299 ; 000098.log size: 8835 ; 000104.log size: 513 ; 000110.log size: 703 ; 000116.log size: 1919 ; 000122.log size: 4693 ; 000128.log size: 513 ; 000134.log size: 1995 ; 000140.log size: 12255 ; 000146.log size: 247 ; 000152.log size: 4275 ; 000158.log size: 2679 ; 000164.log size: 7201 ; 000170.log size: 247 ; 000176.log size: 779 ; 000182.log size: 437 ; 000188.log size: 57 ; 000194.log size: 2147 ; 000200.log size: 17081 ; 000206.log size: 19361 ; 000212.log size: 6479 ; 
2024/02/22-18:36:22.812272 69ac                         Options.error_if_exists: 0
2024/02/22-18:36:22.812305 69ac                       Options.create_if_missing: 1
2024/02/22-18:36:22.812317 69ac                         Options.paranoid_checks: 1
2024/02/22-18:36:22.812329 69ac             Options.flush_verify_memtable_count: 1
2024/02/22-18:36:22.812341 69ac                               Options.track_and_verify_wals_in_manifest: 0
2024/02/22-18:36:22.812352 69ac        Options.verify_sst_unique_id_in_manifest: 1
2024/02/22-18:36:22.812364 69ac                                     Options.env: 00000150D1D49830
2024/02/22-18:36:22.812377 69ac                                      Options.fs: WinFS
2024/02/22-18:36:22.812388 69ac                                Options.info_log: 00000150D3E2A8F0
2024/02/22-18:36:22.812400 69ac                Options.max_file_opening_threads: 16
2024/02/22-18:36:22.812411 69ac                              Options.statistics: 0000000000000000
2024/02/22-18:36:22.812423 69ac                               Options.use_fsync: 0
2024/02/22-18:36:22.812434 69ac                       Options.max_log_file_size: 0
2024/02/22-18:36:22.812446 69ac                  Options.max_manifest_file_size: 1073741824
2024/02/22-18:36:22.812458 69ac                   Options.log_file_time_to_roll: 0
2024/02/22-18:36:22.812469 69ac                       Options.keep_log_file_num: 1000
2024/02/22-18:36:22.812480 69ac                    Options.recycle_log_file_num: 0
2024/02/22-18:36:22.812498 69ac                         Options.allow_fallocate: 1
2024/02/22-18:36:22.812509 69ac                        Options.allow_mmap_reads: 0
2024/02/22-18:36:22.812521 69ac                       Options.allow_mmap_writes: 0
2024/02/22-18:36:22.812532 69ac                        Options.use_direct_reads: 0
2024/02/22-18:36:22.812543 69ac                        Options.use_direct_io_for_flush_and_compaction: 0
2024/02/22-18:36:22.812555 69ac          Options.create_missing_column_families: 0
2024/02/22-18:36:22.812566 69ac                              Options.db_log_dir: 
2024/02/22-18:36:22.812578 69ac                                 Options.wal_dir: 
2024/02/22-18:36:22.812589 69ac                Options.table_cache_numshardbits: 6
2024/02/22-18:36:22.812600 69ac                         Options.WAL_ttl_seconds: 330
2024/02/22-18:36:22.812612 69ac                       Options.WAL_size_limit_MB: 0
2024/02/22-18:36:22.812623 69ac                        Options.max_write_batch_group_size_bytes: 1048576
2024/02/22-18:36:22.812634 69ac             Options.manifest_preallocation_size: 4194304
2024/02/22-18:36:22.812734 69ac                     Options.is_fd_close_on_exec: 1
2024/02/22-18:36:22.812751 69ac                   Options.advise_random_on_open: 1
2024/02/22-18:36:22.812763 69ac                    Options.db_write_buffer_size: 0
2024/02/22-18:36:22.812775 69ac                    Options.write_buffer_manager: 00000150D3D94C20
2024/02/22-18:36:22.812786 69ac         Options.access_hint_on_compaction_start: 1
2024/02/22-18:36:22.812799 69ac           Options.random_access_max_buffer_size: 1048576
2024/02/22-18:36:22.812814 69ac                      Options.use_adaptive_mutex: 0
2024/02/22-18:36:22.812829 69ac                            Options.rate_limiter: 0000000000000000
2024/02/22-18:36:22.812845 69ac     Options.sst_file_manager.rate_bytes_per_sec: 0
2024/02/22-18:36:22.812863 69ac                       Options.wal_recovery_mode: 2
2024/02/22-18:36:22.812883 69ac                  Options.enable_thread_tracking: 0
2024/02/22-18:36:22.812901 69ac                  Options.enable_pipelined_write: 0
2024/02/22-18:36:22.812919 69ac                  Options.unordered_write: 0
2024/02/22-18:36:22.812940 69ac         Options.allow_concurrent_memtable_write: 1
2024/02/22-18:36:22.812957 69ac      Options.enable_write_thread_adaptive_yield: 1
2024/02/22-18:36:22.812973 69ac             Options.write_thread_max_yield_usec: 100
2024/02/22-18:36:22.812989 69ac            Options.write_thread_slow_yield_usec: 3
2024/02/22-18:36:22.813007 69ac                               Options.row_cache: None
2024/02/22-18:36:22.813024 69ac                              Options.wal_filter: None
2024/02/22-18:36:22.813042 69ac             Options.avoid_flush_during_recovery: 0
2024/02/22-18:36:22.813057 69ac             Options.allow_ingest_behind: 0
2024/02/22-18:36:22.813071 69ac             Options.two_write_queues: 0
2024/02/22-18:36:22.813083 69ac             Options.manual_wal_flush: 0
2024/02/22-18:36:22.813095 69ac             Options.wal_compression: 0
2024/02/22-18:36:22.813107 69ac             Options.atomic_flush: 0
2024/02/22-18:36:22.813118 69ac             Options.avoid_unnecessary_blocking_io: 0
2024/02/22-18:36:22.813130 69ac                 Options.persist_stats_to_disk: 0
2024/02/22-18:36:22.813142 69ac                 Options.write_dbid_to_manifest: 0
2024/02/22-18:36:22.813153 69ac                 Options.log_readahead_size: 0
2024/02/22-18:36:22.813165 69ac                 Options.file_checksum_gen_factory: Unknown
2024/02/22-18:36:22.813178 69ac                 Options.best_efforts_recovery: 0
2024/02/22-18:36:22.813189 69ac                Options.max_bgerror_resume_count: 2147483647
2024/02/22-18:36:22.813201 69ac            Options.bgerror_resume_retry_interval: 1000000
2024/02/22-18:36:22.813213 69ac             Options.allow_data_in_errors: 0
2024/02/22-18:36:22.813225 69ac             Options.db_host_id: __hostname__
2024/02/22-18:36:22.813236 69ac             Options.enforce_single_del_contracts: true
2024/02/22-18:36:22.813249 69ac             Options.max_background_jobs: 2
2024/02/22-18:36:22.813260 69ac             Options.max_background_compactions: -1
2024/02/22-18:36:22.813272 69ac             Options.max_subcompactions: 1
2024/02/22-18:36:22.813284 69ac             Options.avoid_flush_during_shutdown: 0
2024/02/22-18:36:22.813295 69ac           Options.writable_file_max_buffer_size: 1048576
2024/02/22-18:36:22.813307 69ac             Options.delayed_write_rate : 16777216
2024/02/22-18:36:22.813319 69ac             Options.max_total_wal_size: 0
2024/02/22-18:36:22.813331 69ac             Options.delete_obsolete_files_period_micros: 21600000000
2024/02/22-18:36:22.813343 69ac                   Options.stats_dump_period_sec: 600
2024/02/22-18:36:22.813354 69ac                 Options.stats_persist_period_sec: 600
2024/02/22-18:36:22.813366 69ac                 Options.stats_history_buffer_size: 1048576
2024/02/22-18:36:22.813378 69ac                          Options.max_open_files: -1
2024/02/22-18:36:22.813391 69ac                          Options.bytes_per_sync: 0
2024/02/22-18:36:22.813477 69ac                      Options.wal_bytes_per_sync: 0
2024/02/22-18:36:22.813494 69ac                   Options.strict_bytes_per_sync: 0
2024/02/22-18:36:22.813506 69ac       Options.compaction_readahead_size: 0
2024/02/22-18:36:22.813518 69ac                  Options.max_background_flushes: -1
2024/02/22-18:36:22.813530 69ac Compression algorithms supported:
2024/02/22-18:36:22.813542 69ac 	kZSTD supported: 1
2024/02/22-18:36:22.813555 69ac 	kSnappyCompression supported: 1
2024/02/22-18:36:22.813567 69ac 	kBZip2Compression supported: 0
2024/02/22-18:36:22.813579 69ac 	kZlibCompression supported: 0
2024/02/22-18:36:22.813590 69ac 	kLZ4Compression supported: 0
2024/02/22-18:36:22.813602 69ac 	kXpressCompression supported: 0
2024/02/22-18:36:22.813614 69ac 	kLZ4HCCompression supported: 0
2024/02/22-18:36:22.813625 69ac 	kZSTDNotFinalCompression supported: 1
2024/02/22-18:36:22.813641 69ac Fast CRC32 supported: Not supported on x86
2024/02/22-18:36:22.813652 69ac DMutex implementation: std::mutex
2024/02/22-18:36:22.816093 69ac [db/version_set.cc:5528] Recovering from manifest file: D:\~Project\Cube\testing-halobps\cube-halobps\.cubestore\data\cachestore/MANIFEST-000213
2024/02/22-18:36:22.816647 69ac [db/column_family.cc:632] --------------- Options for column family [default]:
2024/02/22-18:36:22.816670 69ac               Options.comparator: leveldb.BytewiseComparator
2024/02/22-18:36:22.816683 69ac           Options.merge_operator: None
2024/02/22-18:36:22.816694 69ac        Options.compaction_filter: None
2024/02/22-18:36:22.816706 69ac        Options.compaction_filter_factory: cache-expire-check
2024/02/22-18:36:22.816717 69ac  Options.sst_partitioner_factory: None
2024/02/22-18:36:22.816728 69ac         Options.memtable_factory: SkipListFactory
2024/02/22-18:36:22.816739 69ac            Options.table_factory: BlockBasedTable
2024/02/22-18:36:22.816788 69ac            table_factory options:   flush_block_policy_factory: FlushBlockBySizePolicyFactory (00000150D3E35F90)
  cache_index_and_filter_blocks: 0
  cache_index_and_filter_blocks_with_high_priority: 1
  pin_l0_filter_and_index_blocks_in_cache: 0
  pin_top_level_index_and_filter: 1
  index_type: 0
  data_block_index_type: 0
  index_shortening: 1
  data_block_hash_table_util_ratio: 0.750000
  checksum: 4
  no_block_cache: 0
  block_cache: 00000150D3E36740
  block_cache_name: LRUCache
  block_cache_options:
    capacity : 8388608
    num_shard_bits : 4
    strict_capacity_limit : 0
    memory_allocator : None
    high_pri_pool_ratio: 0.500
    low_pri_pool_ratio: 0.000
  block_cache_compressed: 0000000000000000
  persistent_cache: 0000000000000000
  block_size: 4096
  block_size_deviation: 10
  block_restart_interval: 16
  index_block_restart_interval: 1
  metadata_block_size: 4096
  partition_filters: 0
  use_delta_encoding: 1
  filter_policy: nullptr
  whole_key_filtering: 1
  verify_compression: 0
  read_amp_bytes_per_bit: 0
  format_version: 5
  enable_index_compression: 1
  block_align: 0
  max_auto_readahead_size: 262144
  prepopulate_block_cache: 0
  initial_auto_readahead_size: 8192
  num_file_reads_for_auto_readahead: 2
2024/02/22-18:36:22.816802 69ac        Options.write_buffer_size: 67108864
2024/02/22-18:36:22.816813 69ac  Options.max_write_buffer_number: 2
2024/02/22-18:36:22.816824 69ac          Options.compression: NoCompression
2024/02/22-18:36:22.816836 69ac                  Options.bottommost_compression: NoCompression
2024/02/22-18:36:22.816847 69ac       Options.prefix_extractor: rocksdb.FixedPrefix
2024/02/22-18:36:22.816858 69ac   Options.memtable_insert_with_hint_prefix_extractor: nullptr
2024/02/22-18:36:22.816870 69ac             Options.num_levels: 7
2024/02/22-18:36:22.816881 69ac        Options.min_write_buffer_number_to_merge: 1
2024/02/22-18:36:22.816892 69ac     Options.max_write_buffer_number_to_maintain: 0
2024/02/22-18:36:22.816903 69ac     Options.max_write_buffer_size_to_maintain: 0
2024/02/22-18:36:22.816914 69ac            Options.bottommost_compression_opts.window_bits: -14
2024/02/22-18:36:22.816931 69ac                  Options.bottommost_compression_opts.level: 32767
2024/02/22-18:36:22.816945 69ac               Options.bottommost_compression_opts.strategy: 0
2024/02/22-18:36:22.816956 69ac         Options.bottommost_compression_opts.max_dict_bytes: 0
2024/02/22-18:36:22.816967 69ac         Options.bottommost_compression_opts.zstd_max_train_bytes: 0
2024/02/22-18:36:22.816979 69ac         Options.bottommost_compression_opts.parallel_threads: 1
2024/02/22-18:36:22.816990 69ac                  Options.bottommost_compression_opts.enabled: false
2024/02/22-18:36:22.817001 69ac         Options.bottommost_compression_opts.max_dict_buffer_bytes: 0
2024/02/22-18:36:22.817013 69ac         Options.bottommost_compression_opts.use_zstd_dict_trainer: true
2024/02/22-18:36:22.817024 69ac            Options.compression_opts.window_bits: -14
2024/02/22-18:36:22.817035 69ac                  Options.compression_opts.level: 32767
2024/02/22-18:36:22.817046 69ac               Options.compression_opts.strategy: 0
2024/02/22-18:36:22.817057 69ac         Options.compression_opts.max_dict_bytes: 0
2024/02/22-18:36:22.817068 69ac         Options.compression_opts.zstd_max_train_bytes: 0
2024/02/22-18:36:22.817080 69ac         Options.compression_opts.use_zstd_dict_trainer: true
2024/02/22-18:36:22.817091 69ac         Options.compression_opts.parallel_threads: 1
2024/02/22-18:36:22.817102 69ac                  Options.compression_opts.enabled: false
2024/02/22-18:36:22.817113 69ac         Options.compression_opts.max_dict_buffer_bytes: 0
2024/02/22-18:36:22.817124 69ac      Options.level0_file_num_compaction_trigger: 4
2024/02/22-18:36:22.817135 69ac          Options.level0_slowdown_writes_trigger: 20
2024/02/22-18:36:22.817146 69ac              Options.level0_stop_writes_trigger: 36
2024/02/22-18:36:22.817157 69ac                   Options.target_file_size_base: 67108864
2024/02/22-18:36:22.817168 69ac             Options.target_file_size_multiplier: 1
2024/02/22-18:36:22.817179 69ac                Options.max_bytes_for_level_base: 268435456
2024/02/22-18:36:22.817190 69ac Options.level_compaction_dynamic_level_bytes: 0
2024/02/22-18:36:22.817203 69ac          Options.max_bytes_for_level_multiplier: 10.000000
2024/02/22-18:36:22.817217 69ac Options.max_bytes_for_level_multiplier_addtl[0]: 1
2024/02/22-18:36:22.817229 69ac Options.max_bytes_for_level_multiplier_addtl[1]: 1
2024/02/22-18:36:22.817240 69ac Options.max_bytes_for_level_multiplier_addtl[2]: 1
2024/02/22-18:36:22.817251 69ac Options.max_bytes_for_level_multiplier_addtl[3]: 1
2024/02/22-18:36:22.817262 69ac Options.max_bytes_for_level_multiplier_addtl[4]: 1
2024/02/22-18:36:22.817273 69ac Options.max_bytes_for_level_multiplier_addtl[5]: 1
2024/02/22-18:36:22.817285 69ac Options.max_bytes_for_level_multiplier_addtl[6]: 1
2024/02/22-18:36:22.817296 69ac       Options.max_sequential_skip_in_iterations: 8
2024/02/22-18:36:22.817307 69ac                    Options.max_compaction_bytes: 1677721600
2024/02/22-18:36:22.817318 69ac   Options.ignore_max_compaction_bytes_for_input: true
2024/02/22-18:36:22.817329 69ac                        Options.arena_block_size: 1048576
2024/02/22-18:36:22.817340 69ac   Options.soft_pending_compaction_bytes_limit: 68719476736
2024/02/22-18:36:22.817351 69ac   Options.hard_pending_compaction_bytes_limit: 274877906944
2024/02/22-18:36:22.817362 69ac                Options.disable_auto_compactions: 1
2024/02/22-18:36:22.817376 69ac                        Options.compaction_style: kCompactionStyleLevel
2024/02/22-18:36:22.817388 69ac                          Options.compaction_pri: kMinOverlappingRatio
2024/02/22-18:36:22.817400 69ac Options.compaction_options_universal.size_ratio: 1
2024/02/22-18:36:22.817411 69ac Options.compaction_options_universal.min_merge_width: 2
2024/02/22-18:36:22.817422 69ac Options.compaction_options_universal.max_merge_width: 4294967295
2024/02/22-18:36:22.817433 69ac Options.compaction_options_universal.max_size_amplification_percent: 200
2024/02/22-18:36:22.817445 69ac Options.compaction_options_universal.compression_size_percent: -1
2024/02/22-18:36:22.817545 69ac Options.compaction_options_universal.stop_style: kCompactionStopStyleTotalSize
2024/02/22-18:36:22.817559 69ac Options.compaction_options_fifo.max_table_files_size: 1073741824
2024/02/22-18:36:22.817569 69ac Options.compaction_options_fifo.allow_compaction: 0
2024/02/22-18:36:22.817580 69ac                   Options.table_properties_collectors: 
2024/02/22-18:36:22.817590 69ac                   Options.inplace_update_support: 0
2024/02/22-18:36:22.817600 69ac                 Options.inplace_update_num_locks: 10000
2024/02/22-18:36:22.817610 69ac               Options.memtable_prefix_bloom_size_ratio: 0.000000
2024/02/22-18:36:22.817620 69ac               Options.memtable_whole_key_filtering: 0
2024/02/22-18:36:22.817630 69ac   Options.memtable_huge_page_size: 0
2024/02/22-18:36:22.817639 69ac                           Options.bloom_locality: 0
2024/02/22-18:36:22.817649 69ac                    Options.max_successive_merges: 0
2024/02/22-18:36:22.817659 69ac                Options.optimize_filters_for_hits: 0
2024/02/22-18:36:22.817668 69ac                Options.paranoid_file_checks: 0
2024/02/22-18:36:22.817678 69ac                Options.force_consistency_checks: 1
2024/02/22-18:36:22.817687 69ac                Options.report_bg_io_stats: 0
2024/02/22-18:36:22.817698 69ac                               Options.ttl: 2592000
2024/02/22-18:36:22.817707 69ac          Options.periodic_compaction_seconds: 2592000
2024/02/22-18:36:22.817717 69ac  Options.preclude_last_level_data_seconds: 0
2024/02/22-18:36:22.817727 69ac    Options.preserve_internal_time_seconds: 0
2024/02/22-18:36:22.817736 69ac                       Options.enable_blob_files: false
2024/02/22-18:36:22.817746 69ac                           Options.min_blob_size: 0
2024/02/22-18:36:22.817756 69ac                          Options.blob_file_size: 268435456
2024/02/22-18:36:22.817765 69ac                   Options.blob_compression_type: NoCompression
2024/02/22-18:36:22.817775 69ac          Options.enable_blob_garbage_collection: false
2024/02/22-18:36:22.817785 69ac      Options.blob_garbage_collection_age_cutoff: 0.250000
2024/02/22-18:36:22.817796 69ac Options.blob_garbage_collection_force_threshold: 1.000000
2024/02/22-18:36:22.817806 69ac          Options.blob_compaction_readahead_size: 0
2024/02/22-18:36:22.817816 69ac                Options.blob_file_starting_level: 0
2024/02/22-18:36:22.817826 69ac Options.experimental_mempurge_threshold: 0.000000
2024/02/22-18:36:22.819810 69ac [db/version_set.cc:5575] Recovered from manifest file:D:\~Project\Cube\testing-halobps\cube-halobps\.cubestore\data\cachestore/MANIFEST-000213 succeeded,manifest_file_number is 213, next_file_number is 217, last_sequence is 9, log_number is 207,prev_log_number is 0,max_column_family is 0,min_log_number_to_keep is 10
2024/02/22-18:36:22.819853 69ac [db/version_set.cc:5584] Column family [default] (ID 0), log number is 207
2024/02/22-18:36:22.820888 69ac [db/db_impl/db_impl_open.cc:539] DB ID: 16f1de73-c7f6-11ee-81b1-e4e749991e3b
2024/02/22-18:36:22.833627 69ac EVENT_LOG_v1 {"time_micros": 1708601782833596, "job": 1, "event": "recovery_started", "wal_files": [10, 14, 20, 26, 32, 38, 44, 50, 56, 62, 68, 74, 80, 86, 92, 98, 104, 110, 116, 122, 128, 134, 140, 146, 152, 158, 164, 170, 176, 182, 188, 194, 200, 206, 212]}
2024/02/22-18:36:22.833654 69ac [db/db_impl/db_impl_open.cc:1032] Skipping log #10 since it is older than min log to keep #207
2024/02/22-18:36:22.833664 69ac [db/db_impl/db_impl_open.cc:1032] Skipping log #14 since it is older than min log to keep #207
2024/02/22-18:36:22.833673 69ac [db/db_impl/db_impl_open.cc:1032] Skipping log #20 since it is older than min log to keep #207
2024/02/22-18:36:22.833682 69ac [db/db_impl/db_impl_open.cc:1032] Skipping log #26 since it is older than min log to keep #207
2024/02/22-18:36:22.833691 69ac [db/db_impl/db_impl_open.cc:1032] Skipping log #32 since it is older than min log to keep #207
2024/02/22-18:36:22.833700 69ac [db/db_impl/db_impl_open.cc:1032] Skipping log #38 since it is older than min log to keep #207
2024/02/22-18:36:22.833715 69ac [db/db_impl/db_impl_open.cc:1032] Skipping log #44 since it is older than min log to keep #207
2024/02/22-18:36:22.833726 69ac [db/db_impl/db_impl_open.cc:1032] Skipping log #50 since it is older than min log to keep #207
2024/02/22-18:36:22.833735 69ac [db/db_impl/db_impl_open.cc:1032] Skipping log #56 since it is older than min log to keep #207
2024/02/22-18:36:22.833744 69ac [db/db_impl/db_impl_open.cc:1032] Skipping log #62 since it is older than min log to keep #207
2024/02/22-18:36:22.833753 69ac [db/db_impl/db_impl_open.cc:1032] Skipping log #68 since it is older than min log to keep #207
2024/02/22-18:36:22.833762 69ac [db/db_impl/db_impl_open.cc:1032] Skipping log #74 since it is older than min log to keep #207
2024/02/22-18:36:22.833771 69ac [db/db_impl/db_impl_open.cc:1032] Skipping log #80 since it is older than min log to keep #207
2024/02/22-18:36:22.833780 69ac [db/db_impl/db_impl_open.cc:1032] Skipping log #86 since it is older than min log to keep #207
2024/02/22-18:36:22.833789 69ac [db/db_impl/db_impl_open.cc:1032] Skipping log #92 since it is older than min log to keep #207
2024/02/22-18:36:22.833798 69ac [db/db_impl/db_impl_open.cc:1032] Skipping log #98 since it is older than min log to keep #207
2024/02/22-18:36:22.833806 69ac [db/db_impl/db_impl_open.cc:1032] Skipping log #104 since it is older than min log to keep #207
2024/02/22-18:36:22.833815 69ac [db/db_impl/db_impl_open.cc:1032] Skipping log #110 since it is older than min log to keep #207
2024/02/22-18:36:22.833824 69ac [db/db_impl/db_impl_open.cc:1032] Skipping log #116 since it is older than min log to keep #207
2024/02/22-18:36:22.833833 69ac [db/db_impl/db_impl_open.cc:1032] Skipping log #122 since it is older than min log to keep #207
2024/02/22-18:36:22.833842 69ac [db/db_impl/db_impl_open.cc:1032] Skipping log #128 since it is older than min log to keep #207
2024/02/22-18:36:22.833850 69ac [db/db_impl/db_impl_open.cc:1032] Skipping log #134 since it is older than min log to keep #207
2024/02/22-18:36:22.833859 69ac [db/db_impl/db_impl_open.cc:1032] Skipping log #140 since it is older than min log to keep #207
2024/02/22-18:36:22.833868 69ac [db/db_impl/db_impl_open.cc:1032] Skipping log #146 since it is older than min log to keep #207
2024/02/22-18:36:22.833877 69ac [db/db_impl/db_impl_open.cc:1032] Skipping log #152 since it is older than min log to keep #207
2024/02/22-18:36:22.833885 69ac [db/db_impl/db_impl_open.cc:1032] Skipping log #158 since it is older than min log to keep #207
2024/02/22-18:36:22.833895 69ac [db/db_impl/db_impl_open.cc:1032] Skipping log #164 since it is older than min log to keep #207
2024/02/22-18:36:22.833904 69ac [db/db_impl/db_impl_open.cc:1032] Skipping log #170 since it is older than min log to keep #207
2024/02/22-18:36:22.833913 69ac [db/db_impl/db_impl_open.cc:1032] Skipping log #176 since it is older than min log to keep #207
2024/02/22-18:36:22.833921 69ac [db/db_impl/db_impl_open.cc:1032] Skipping log #182 since it is older than min log to keep #207
2024/02/22-18:36:22.833930 69ac [db/db_impl/db_impl_open.cc:1032] Skipping log #188 since it is older than min log to keep #207
2024/02/22-18:36:22.833940 69ac [db/db_impl/db_impl_open.cc:1032] Skipping log #194 since it is older than min log to keep #207
2024/02/22-18:36:22.833950 69ac [db/db_impl/db_impl_open.cc:1032] Skipping log #200 since it is older than min log to keep #207
2024/02/22-18:36:22.833960 69ac [db/db_impl/db_impl_open.cc:1032] Skipping log #206 since it is older than min log to keep #207
2024/02/22-18:36:22.833972 69ac [db/db_impl/db_impl_open.cc:1045] Recovering log #212 mode 2
2024/02/22-18:36:22.879014 69ac EVENT_LOG_v1 {"time_micros": 1708601782878999, "job": 1, "event": "recovery_finished"}
2024/02/22-18:36:22.880400 69ac [db/version_set.cc:5048] Creating manifest 219
2024/02/22-18:36:23.042456 69ac [db/db_impl/db_impl_open.cc:1988] SstFileManager instance 00000150D3EEC5B0
2024/02/22-18:36:23.047007 69ac DB pointer 00000150D3E47C00
2024/02/22-18:36:23.111740 68a8 [db/db_impl/db_impl.cc:1218] SetOptions() on column family [default], inputs:
2024/02/22-18:36:23.111793 68a8 [db/db_impl/db_impl.cc:1221] disable_auto_compactions: false
2024/02/22-18:36:23.111823 68a8 [db/db_impl/db_impl.cc:1225] [default] SetOptions() succeeded
2024/02/22-18:36:23.111838 68a8 [options/cf_options.cc:1005]                         write_buffer_size: 67108864
2024/02/22-18:36:23.111885 68a8 [options/cf_options.cc:1007]                   max_write_buffer_number: 2
2024/02/22-18:36:23.111900 68a8 [options/cf_options.cc:1010]                          arena_block_size: 1048576
2024/02/22-18:36:23.111916 68a8 [options/cf_options.cc:1012]               memtable_prefix_bloom_ratio: 0.000000
2024/02/22-18:36:23.111939 68a8 [options/cf_options.cc:1014]               memtable_whole_key_filtering: 0
2024/02/22-18:36:23.111953 68a8 [options/cf_options.cc:1017]                   memtable_huge_page_size: 0
2024/02/22-18:36:23.111969 68a8 [options/cf_options.cc:1020]                     max_successive_merges: 0
2024/02/22-18:36:23.111990 68a8 [options/cf_options.cc:1023]                  inplace_update_num_locks: 10000
2024/02/22-18:36:23.112004 68a8 [options/cf_options.cc:1027]                          prefix_extractor: rocksdb.FixedPrefix.13
2024/02/22-18:36:23.112028 68a8 [options/cf_options.cc:1029]                  disable_auto_compactions: 0
2024/02/22-18:36:23.112042 68a8 [options/cf_options.cc:1031]       soft_pending_compaction_bytes_limit: 68719476736
2024/02/22-18:36:23.112108 68a8 [options/cf_options.cc:1033]       hard_pending_compaction_bytes_limit: 274877906944
2024/02/22-18:36:23.112123 68a8 [options/cf_options.cc:1035]        level0_file_num_compaction_trigger: 4
2024/02/22-18:36:23.112138 68a8 [options/cf_options.cc:1037]            level0_slowdown_writes_trigger: 20
2024/02/22-18:36:23.112153 68a8 [options/cf_options.cc:1039]                level0_stop_writes_trigger: 36
2024/02/22-18:36:23.112166 68a8 [options/cf_options.cc:1041]                      max_compaction_bytes: 1677721600
2024/02/22-18:36:23.112178 68a8 [options/cf_options.cc:1043]     ignore_max_compaction_bytes_for_input: true
2024/02/22-18:36:23.112190 68a8 [options/cf_options.cc:1045]                     target_file_size_base: 67108864
2024/02/22-18:36:23.112212 68a8 [options/cf_options.cc:1047]               target_file_size_multiplier: 1
2024/02/22-18:36:23.112227 68a8 [options/cf_options.cc:1049]                  max_bytes_for_level_base: 268435456
2024/02/22-18:36:23.112241 68a8 [options/cf_options.cc:1051]            max_bytes_for_level_multiplier: 10.000000
2024/02/22-18:36:23.112258 68a8 [options/cf_options.cc:1053]                                       ttl: 2592000
2024/02/22-18:36:23.112274 68a8 [options/cf_options.cc:1055]               periodic_compaction_seconds: 2592000
2024/02/22-18:36:23.112289 68a8 [options/cf_options.cc:1069] max_bytes_for_level_multiplier_additional: 1, 1, 1, 1, 1, 1, 1
2024/02/22-18:36:23.112304 68a8 [options/cf_options.cc:1071]         max_sequential_skip_in_iterations: 8
2024/02/22-18:36:23.112318 68a8 [options/cf_options.cc:1073]          check_flush_compaction_key_order: 1
2024/02/22-18:36:23.112333 68a8 [options/cf_options.cc:1075]                      paranoid_file_checks: 0
2024/02/22-18:36:23.112345 68a8 [options/cf_options.cc:1077]                        report_bg_io_stats: 0
2024/02/22-18:36:23.112356 68a8 [options/cf_options.cc:1079]                               compression: 0
2024/02/22-18:36:23.112368 68a8 [options/cf_options.cc:1082]                        experimental_mempurge_threshold: 0.000000
2024/02/22-18:36:23.112380 68a8 [options/cf_options.cc:1086] compaction_options_universal.size_ratio : 1
2024/02/22-18:36:23.112392 68a8 [options/cf_options.cc:1088] compaction_options_universal.min_merge_width : 2
2024/02/22-18:36:23.112403 68a8 [options/cf_options.cc:1090] compaction_options_universal.max_merge_width : -1
2024/02/22-18:36:23.112415 68a8 [options/cf_options.cc:1093] compaction_options_universal.max_size_amplification_percent : 200
2024/02/22-18:36:23.112427 68a8 [options/cf_options.cc:1096] compaction_options_universal.compression_size_percent : -1
2024/02/22-18:36:23.112447 68a8 [options/cf_options.cc:1098] compaction_options_universal.stop_style : 1
2024/02/22-18:36:23.112462 68a8 [options/cf_options.cc:1101] compaction_options_universal.allow_trivial_move : 0
2024/02/22-18:36:23.112474 68a8 [options/cf_options.cc:1103] compaction_options_universal.incremental        : 0
2024/02/22-18:36:23.112486 68a8 [options/cf_options.cc:1107] compaction_options_fifo.max_table_files_size : 1073741824
2024/02/22-18:36:23.112500 68a8 [options/cf_options.cc:1109] compaction_options_fifo.allow_compaction : 0
2024/02/22-18:36:23.112513 68a8 [options/cf_options.cc:1113]                         enable_blob_files: false
2024/02/22-18:36:23.112526 68a8 [options/cf_options.cc:1115]                             min_blob_size: 0
2024/02/22-18:36:23.112538 68a8 [options/cf_options.cc:1117]                            blob_file_size: 268435456
2024/02/22-18:36:23.112550 68a8 [options/cf_options.cc:1119]                     blob_compression_type: NoCompression
2024/02/22-18:36:23.112562 68a8 [options/cf_options.cc:1121]            enable_blob_garbage_collection: false
2024/02/22-18:36:23.112573 68a8 [options/cf_options.cc:1123]        blob_garbage_collection_age_cutoff: 0.250000
2024/02/22-18:36:23.112588 68a8 [options/cf_options.cc:1125]   blob_garbage_collection_force_threshold: 1.000000
2024/02/22-18:36:23.112601 68a8 [options/cf_options.cc:1127]            blob_compaction_readahead_size: 0
2024/02/22-18:36:23.112613 68a8 [options/cf_options.cc:1129]                  blob_file_starting_level: 0
2024/02/22-18:36:23.112625 68a8 [options/cf_options.cc:1133]                    prepopulate_blob_cache: disable
2024/02/22-18:36:23.112637 68a8 [options/cf_options.cc:1135]                    last_level_temperature: 0
2024/02/22-18:36:26.058232 4804 [db/db_impl/db_impl.cc:1110] ------- DUMPING STATS -------
2024/02/22-18:36:26.058277 4804 [db/db_impl/db_impl.cc:1111] 
** DB Stats **
Uptime(secs): 3.2 total, 3.2 interval
Cumulative writes: 1 writes, 0 keys, 1 commit groups, 1.0 writes per commit group, ingest: 0.00 GB, 0.00 MB/s
Cumulative WAL: 1 writes, 0 syncs, 1.00 writes per sync, written: 0.00 GB, 0.00 MB/s
Cumulative stall: 00:00:0.000 H:M:S, 0.0 percent
Interval writes: 1 writes, 0 keys, 1 commit groups, 1.0 writes per commit group, ingest: 0.00 MB, 0.00 MB/s
Interval WAL: 1 writes, 0 syncs, 1.00 writes per sync, written: 0.00 GB, 0.00 MB/s
Interval stall: 00:00:0.000 H:M:S, 0.0 percent

** Compaction Stats [default] **
Level    Files   Size     Score Read(GB)  Rn(GB) Rnp1(GB) Write(GB) Wnew(GB) Moved(GB) W-Amp Rd(MB/s) Wr(MB/s) Comp(sec) CompMergeCPU(sec) Comp(cnt) Avg(sec) KeyIn KeyDrop Rblob(GB) Wblob(GB)
------------------------------------------------------------------------------------------------------------------------------------------------------------------------------------------------
  L0      1/0    1.42 KB   0.2      0.0     0.0      0.0       0.0      0.0       0.0   0.0      0.0      0.0      0.00              0.00         0    0.000       0      0       0.0       0.0
 Sum      1/0    1.42 KB   0.0      0.0     0.0      0.0       0.0      0.0       0.0   0.0      0.0      0.0      0.00              0.00         0    0.000       0      0       0.0       0.0
 Int      0/0    0.00 KB   0.0      0.0     0.0      0.0       0.0      0.0       0.0   0.0      0.0      0.0      0.00              0.00         0    0.000       0      0       0.0       0.0

** Compaction Stats [default] **
Priority    Files   Size     Score Read(GB)  Rn(GB) Rnp1(GB) Write(GB) Wnew(GB) Moved(GB) W-Amp Rd(MB/s) Wr(MB/s) Comp(sec) CompMergeCPU(sec) Comp(cnt) Avg(sec) KeyIn KeyDrop Rblob(GB) Wblob(GB)
---------------------------------------------------------------------------------------------------------------------------------------------------------------------------------------------------

Blob file count: 0, total size: 0.0 GB, garbage size: 0.0 GB, space amp: 0.0

Uptime(secs): 3.2 total, 3.2 interval
Flush(GB): cumulative 0.000, interval 0.000
AddFile(GB): cumulative 0.000, interval 0.000
AddFile(Total Files): cumulative 0, interval 0
AddFile(L0 Files): cumulative 0, interval 0
AddFile(Keys): cumulative 0, interval 0
Cumulative compaction: 0.00 GB write, 0.00 MB/s write, 0.00 GB read, 0.00 MB/s read, 0.0 seconds
Interval compaction: 0.00 GB write, 0.00 MB/s write, 0.00 GB read, 0.00 MB/s read, 0.0 seconds
Stalls(count): 0 level0_slowdown, 0 level0_slowdown_with_compaction, 0 level0_numfiles, 0 level0_numfiles_with_compaction, 0 stop for pending_compaction_bytes, 0 slowdown for pending_compaction_bytes, 0 memtable_compaction, 0 memtable_slowdown, interval 0 total count
Block cache LRUCache@00000150D3E36740#25388 capacity: 8.00 MB usage: 0.67 KB table_size: 256 occupancy: 87 collections: 1 last_copies: 0 last_secs: 8.4e-05 secs_since: 0
Block cache entry stats(count,size,portion): DataBlock(1,0.50 KB,0.00613928%) Misc(1,0.00 KB,0%)

** File Read Latency Histogram By Level [default] **
2024/02/22-19:58:06.641029 4804 [db/db_impl/db_impl.cc:1110] ------- DUMPING STATS -------
2024/02/22-19:58:06.686121 4804 [db/db_impl/db_impl.cc:1111] 
** DB Stats **
Uptime(secs): 4903.8 total, 4900.6 interval
Cumulative writes: 67 writes, 0 keys, 67 commit groups, 1.0 writes per commit group, ingest: 0.00 GB, 0.00 MB/s
Cumulative WAL: 67 writes, 0 syncs, 67.00 writes per sync, written: 0.00 GB, 0.00 MB/s
Cumulative stall: 00:00:0.000 H:M:S, 0.0 percent
Interval writes: 66 writes, 0 keys, 66 commit groups, 1.0 writes per commit group, ingest: 0.00 MB, 0.00 MB/s
Interval WAL: 66 writes, 0 syncs, 66.00 writes per sync, written: 0.00 GB, 0.00 MB/s
Interval stall: 00:00:0.000 H:M:S, 0.0 percent

** Compaction Stats [default] **
Level    Files   Size     Score Read(GB)  Rn(GB) Rnp1(GB) Write(GB) Wnew(GB) Moved(GB) W-Amp Rd(MB/s) Wr(MB/s) Comp(sec) CompMergeCPU(sec) Comp(cnt) Avg(sec) KeyIn KeyDrop Rblob(GB) Wblob(GB)
------------------------------------------------------------------------------------------------------------------------------------------------------------------------------------------------
  L0      1/0    1.42 KB   0.2      0.0     0.0      0.0       0.0      0.0       0.0   0.0      0.0      0.0      0.00              0.00         0    0.000       0      0       0.0       0.0
 Sum      1/0    1.42 KB   0.0      0.0     0.0      0.0       0.0      0.0       0.0   0.0      0.0      0.0      0.00              0.00         0    0.000       0      0       0.0       0.0
 Int      0/0    0.00 KB   0.0      0.0     0.0      0.0       0.0      0.0       0.0   0.0      0.0      0.0      0.00              0.00         0    0.000       0      0       0.0       0.0

** Compaction Stats [default] **
Priority    Files   Size     Score Read(GB)  Rn(GB) Rnp1(GB) Write(GB) Wnew(GB) Moved(GB) W-Amp Rd(MB/s) Wr(MB/s) Comp(sec) CompMergeCPU(sec) Comp(cnt) Avg(sec) KeyIn KeyDrop Rblob(GB) Wblob(GB)
---------------------------------------------------------------------------------------------------------------------------------------------------------------------------------------------------

Blob file count: 0, total size: 0.0 GB, garbage size: 0.0 GB, space amp: 0.0

Uptime(secs): 4903.8 total, 4900.6 interval
Flush(GB): cumulative 0.000, interval 0.000
AddFile(GB): cumulative 0.000, interval 0.000
AddFile(Total Files): cumulative 0, interval 0
AddFile(L0 Files): cumulative 0, interval 0
AddFile(Keys): cumulative 0, interval 0
Cumulative compaction: 0.00 GB write, 0.00 MB/s write, 0.00 GB read, 0.00 MB/s read, 0.0 seconds
Interval compaction: 0.00 GB write, 0.00 MB/s write, 0.00 GB read, 0.00 MB/s read, 0.0 seconds
Stalls(count): 0 level0_slowdown, 0 level0_slowdown_with_compaction, 0 level0_numfiles, 0 level0_numfiles_with_compaction, 0 stop for pending_compaction_bytes, 0 slowdown for pending_compaction_bytes, 0 memtable_compaction, 0 memtable_slowdown, interval 0 total count
Block cache LRUCache@00000150D3E36740#25388 capacity: 8.00 MB usage: 0.67 KB table_size: 256 occupancy: 87 collections: 2 last_copies: 0 last_secs: 4.4e-05 secs_since: 0
Block cache entry stats(count,size,portion): DataBlock(1,0.50 KB,0.00613928%) Misc(1,0.00 KB,0%)

** File Read Latency Histogram By Level [default] **
2024/02/22-20:08:06.688290 4804 [db/db_impl/db_impl.cc:1110] ------- DUMPING STATS -------
2024/02/22-20:08:06.688380 4804 [db/db_impl/db_impl.cc:1111] 
** DB Stats **
Uptime(secs): 5503.9 total, 600.0 interval
Cumulative writes: 147 writes, 0 keys, 147 commit groups, 1.0 writes per commit group, ingest: 0.00 GB, 0.00 MB/s
Cumulative WAL: 147 writes, 0 syncs, 147.00 writes per sync, written: 0.00 GB, 0.00 MB/s
Cumulative stall: 00:00:0.000 H:M:S, 0.0 percent
Interval writes: 80 writes, 0 keys, 80 commit groups, 1.0 writes per commit group, ingest: 0.00 MB, 0.00 MB/s
Interval WAL: 80 writes, 0 syncs, 80.00 writes per sync, written: 0.00 GB, 0.00 MB/s
Interval stall: 00:00:0.000 H:M:S, 0.0 percent

** Compaction Stats [default] **
Level    Files   Size     Score Read(GB)  Rn(GB) Rnp1(GB) Write(GB) Wnew(GB) Moved(GB) W-Amp Rd(MB/s) Wr(MB/s) Comp(sec) CompMergeCPU(sec) Comp(cnt) Avg(sec) KeyIn KeyDrop Rblob(GB) Wblob(GB)
------------------------------------------------------------------------------------------------------------------------------------------------------------------------------------------------
  L0      1/0    1.42 KB   0.2      0.0     0.0      0.0       0.0      0.0       0.0   0.0      0.0      0.0      0.00              0.00         0    0.000       0      0       0.0       0.0
 Sum      1/0    1.42 KB   0.0      0.0     0.0      0.0       0.0      0.0       0.0   0.0      0.0      0.0      0.00              0.00         0    0.000       0      0       0.0       0.0
 Int      0/0    0.00 KB   0.0      0.0     0.0      0.0       0.0      0.0       0.0   0.0      0.0      0.0      0.00              0.00         0    0.000       0      0       0.0       0.0

** Compaction Stats [default] **
Priority    Files   Size     Score Read(GB)  Rn(GB) Rnp1(GB) Write(GB) Wnew(GB) Moved(GB) W-Amp Rd(MB/s) Wr(MB/s) Comp(sec) CompMergeCPU(sec) Comp(cnt) Avg(sec) KeyIn KeyDrop Rblob(GB) Wblob(GB)
---------------------------------------------------------------------------------------------------------------------------------------------------------------------------------------------------

Blob file count: 0, total size: 0.0 GB, garbage size: 0.0 GB, space amp: 0.0

Uptime(secs): 5503.9 total, 600.0 interval
Flush(GB): cumulative 0.000, interval 0.000
AddFile(GB): cumulative 0.000, interval 0.000
AddFile(Total Files): cumulative 0, interval 0
AddFile(L0 Files): cumulative 0, interval 0
AddFile(Keys): cumulative 0, interval 0
Cumulative compaction: 0.00 GB write, 0.00 MB/s write, 0.00 GB read, 0.00 MB/s read, 0.0 seconds
Interval compaction: 0.00 GB write, 0.00 MB/s write, 0.00 GB read, 0.00 MB/s read, 0.0 seconds
Stalls(count): 0 level0_slowdown, 0 level0_slowdown_with_compaction, 0 level0_numfiles, 0 level0_numfiles_with_compaction, 0 stop for pending_compaction_bytes, 0 slowdown for pending_compaction_bytes, 0 memtable_compaction, 0 memtable_slowdown, interval 0 total count
